InvisibleBlock,0,0,001759F0,0,1,1,4294967295,0,0
InvisibleBlock,32,0,002A0B2A,0,1,1,4294967295,0,0
InvisibleBlock,64,0,00078FE7,0,1,1,4294967295,0,0
InvisibleBlock,96,0,00009680,0,1,1,4294967295,0,0
InvisibleBlock,128,0,000DB121,0,1,1,4294967295,0,0
InvisibleBlock,160,0,0026E1EF,0,1,1,4294967295,0,0
InvisibleBlock,192,0,0038AC90,0,1,1,4294967295,0,0
InvisibleBlock,224,0,00180A38,0,1,1,4294967295,0,0
InvisibleBlock,256,0,000F2F2B,0,1,1,4294967295,0,0
InvisibleBlock,288,0,000609E9,0,1,1,4294967295,0,0
InvisibleBlock,320,0,00053BE5,0,1,1,4294967295,0,0
InvisibleBlock,352,0,002625D0,0,1,1,4294967295,0,0
InvisibleBlock,384,0,002B9BF6,0,1,1,4294967295,0,0
InvisibleBlock,416,0,000F1E80,0,1,1,4294967295,0,0
InvisibleBlock,448,0,001E28EB,0,1,1,4294967295,0,0
InvisibleBlock,480,0,0005D884,0,1,1,4294967295,0,0
InvisibleBlock,512,0,002E0354,0,1,1,4294967295,0,0
InvisibleBlock,544,0,003D78DD,0,1,1,4294967295,0,0
InvisibleBlock,576,0,002AD493,0,1,1,4294967295,0,0
InvisibleBlock,608,0,00291047,0,1,1,4294967295,0,0
InvisibleBlock,640,0,00129776,0,1,1,4294967295,0,0
InvisibleBlock,672,0,0006CAEF,0,1,1,4294967295,0,0
InvisibleBlock,704,0,0018D329,0,1,1,4294967295,0,0
InvisibleBlock,736,0,003A9642,0,1,1,4294967295,0,0
InvisibleBlock,768,0,00039C7D,0,1,1,4294967295,0,0
InvisibleBlock,768,32,00275006,0,1,1,4294967295,0,0
InvisibleBlock,768,64,0033F7C7,0,1,1,4294967295,0,0
InvisibleBlock,768,96,000C91CC,0,1,1,4294967295,0,0
InvisibleBlock,768,128,0008CC22,0,1,1,4294967295,0,0
InvisibleBlock,768,160,00057900,0,1,1,4294967295,0,0
InvisibleBlock,768,192,001639CE,0,1,1,4294967295,0,0
InvisibleBlock,768,224,0003274F,0,1,1,4294967295,0,0
InvisibleBlock,768,256,0035BE94,0,1,1,4294967295,0,0
InvisibleBlock,768,288,002E797B,0,1,1,4294967295,0,0
InvisibleBlock,768,320,000A5023,0,1,1,4294967295,0,0
InvisibleBlock,768,352,00359EFF,0,1,1,4294967295,0,0
InvisibleBlock,768,384,000FC3B6,0,1,1,4294967295,0,0
InvisibleBlock,768,416,003419A2,0,1,1,4294967295,0,0
InvisibleBlock,768,448,003B9697,0,1,1,4294967295,0,0
InvisibleBlock,768,480,003AA8A5,0,1,1,4294967295,0,0
InvisibleBlock,768,512,0037C539,0,1,1,4294967295,0,0
InvisibleBlock,768,544,0005C21B,0,1,1,4294967295,0,0
InvisibleBlock,768,576,000EE3E0,0,1,1,4294967295,0,0
InvisibleBlock,736,576,001667B0,0,1,1,4294967295,0,0
InvisibleBlock,704,576,001C771E,0,1,1,4294967295,0,0
InvisibleBlock,672,576,00063B48,0,1,1,4294967295,0,0
InvisibleBlock,640,576,002D1363,0,1,1,4294967295,0,0
InvisibleBlock,608,576,002FB631,0,1,1,4294967295,0,0
InvisibleBlock,576,576,0003278A,0,1,1,4294967295,0,0
InvisibleBlock,544,576,001753C4,0,1,1,4294967295,0,0
InvisibleBlock,512,576,001BEA32,0,1,1,4294967295,0,0
InvisibleBlock,480,576,0024B5F3,0,1,1,4294967295,0,0
InvisibleBlock,448,576,0030295A,0,1,1,4294967295,0,0
InvisibleBlock,416,576,001530E9,0,1,1,4294967295,0,0
InvisibleBlock,384,576,0001F1FA,0,1,1,4294967295,0,0
InvisibleBlock,352,576,0021BDE8,0,1,1,4294967295,0,0
InvisibleBlock,320,576,000D0C44,0,1,1,4294967295,0,0
InvisibleBlock,288,576,00065B67,0,1,1,4294967295,0,0
InvisibleBlock,256,576,00312930,0,1,1,4294967295,0,0
InvisibleBlock,224,576,00248694,0,1,1,4294967295,0,0
InvisibleBlock,192,576,00350FAF,0,1,1,4294967295,0,0
InvisibleBlock,160,576,00300F85,0,1,1,4294967295,0,0
InvisibleBlock,128,576,003E0DD9,0,1,1,4294967295,0,0
InvisibleBlock,96,576,000EB8E2,0,1,1,4294967295,0,0
InvisibleBlock,64,576,0018961B,0,1,1,4294967295,0,0
InvisibleBlock,32,576,0017E402,0,1,1,4294967295,0,0
InvisibleBlock,0,576,003A59A7,0,1,1,4294967295,0,0
InvisibleBlock,0,544,000C63A4,0,1,1,4294967295,0,0
InvisibleBlock,0,512,000A2D32,0,1,1,4294967295,0,0
InvisibleBlock,0,480,0021F8D9,0,1,1,4294967295,0,0
InvisibleBlock,0,448,00227C05,0,1,1,4294967295,0,0
InvisibleBlock,0,416,0035F3D1,0,1,1,4294967295,0,0
InvisibleBlock,0,384,0013C59D,0,1,1,4294967295,0,0
InvisibleBlock,0,352,00377C79,0,1,1,4294967295,0,0
InvisibleBlock,0,320,000BF040,0,1,1,4294967295,0,0
InvisibleBlock,0,288,0008B46A,0,1,1,4294967295,0,0
InvisibleBlock,0,256,00394FA3,0,1,1,4294967295,0,0
InvisibleBlock,0,224,0024DCCB,0,1,1,4294967295,0,0
InvisibleBlock,0,192,00034587,0,1,1,4294967295,0,0
InvisibleBlock,0,160,00361D32,0,1,1,4294967295,0,0
InvisibleBlock,0,32,002CEA92,0,1,1,4294967295,0,0
InvisibleBlock,0,64,002589AA,0,1,1,4294967295,0,0
InvisibleBlock,0,96,002C1158,0,1,1,4294967295,0,0
InvisibleBlock,0,128,001E42C6,0,1,1,4294967295,0,0
tk_p1_ctr,192,128,001E1557,0,1,1,4294967295,0,0
playerStart,160,544,002B0739,0,1,1,4294967295,0,0
